[gd_scene format=3 uid="uid://fn42vyv1hxlq"]

[ext_resource type="ArrayMesh" uid="uid://dtig26o0eoy54" path="res://assets/3DModles_ENV/Stairs_sample.obj" id="1_0wfyh"]
[ext_resource type="PackedScene" uid="uid://bjjyd6apwtscb" path="res://scenes/sealskater.tscn" id="1_o5qli"]
[ext_resource type="Script" uid="uid://8emk0fh3xi4d" path="res://scripts/main_test.gd" id="1_tefeu"]
[ext_resource type="PackedScene" uid="uid://c5hl0wna16l0g" path="res://scenes/rail.tscn" id="2_0wfyh"]
[ext_resource type="PackedScene" uid="uid://ccwu1xbtgbwd5" path="res://assets/3DModles_ENV/Stairs_sample.fbx" id="3_sugp2"]
[ext_resource type="Script" uid="uid://bha4vi35xtrag" path="res://scripts/painting_minigame_3d_scene.gd" id="7_tipki"]
[ext_resource type="PackedScene" uid="uid://ul7ls8r6exsn" path="res://scenes/pointsHUD.tscn" id="9_85g3d"]

[sub_resource type="Curve3D" id="Curve3D_rail1"]
_data = {
"points": PackedVector3Array(0, 0, 0, 0, 0, 0, -1.2077694, 1.1619501, 8.999237, 0, 0, 0, 0, 0, 0, -0.7781067, 1.3680766, -20.432827),
"tilts": PackedFloat32Array(0, 0)
}
point_count = 2

[sub_resource type="PhysicsMaterial" id="PhysicsMaterial_sgp6g"]

[sub_resource type="BoxShape3D" id="BoxShape3D_o5qli"]
size = Vector3(100, 1.25, 100)

[sub_resource type="BoxMesh" id="BoxMesh_sgp6g"]
size = Vector3(100, 1, 100)

[sub_resource type="Curve3D" id="Curve3D_o6xl0"]
_data = {
"points": PackedVector3Array(0, 0, 0, 0, 0, 0, -1.2077694, 1.1619501, 8.999237, 0, 0, 0, 0, 0, 0, -0.7781067, 1.3680766, -20.432827, 0, 0, 0, 0, 0, 0, 6.885578, 5.348461, -34.369453),
"tilts": PackedFloat32Array(0, 0, 0)
}
point_count = 3

[sub_resource type="Curve3D" id="Curve3D_rail2"]
_data = {
"points": PackedVector3Array(0, 0, 0, 0, 0, 0, -1.2077694, 1.1619501, 20.251104, 0, 0, 0, 0, 0, 0, -0.7781067, 2.9312773, -0.555933, 0, 0, 0, 0, 0, 0, 4.4787197, 24.79963, -1.2337074, 0, 0, 0, 0, 0, 0, 4.1807804, 27.674282, -21.93547),
"tilts": PackedFloat32Array(0, 0, 0, 0)
}
point_count = 4

[node name="Node3D" type="Node3D" unique_id=1409937124]
script = ExtResource("1_tefeu")

[node name="Rail" parent="." unique_id=261477281 instance=ExtResource("2_0wfyh")]
transform = Transform3D(1, 0, 0, 0, 1, 0, 0, 0, 1, 20.388403, 0.75127125, 0)
curve = SubResource("Curve3D_rail1")

[node name="Florr" type="StaticBody3D" parent="." unique_id=330852359]
physics_material_override = SubResource("PhysicsMaterial_sgp6g")

[node name="CollisionShape3D" type="CollisionShape3D" parent="Florr" unique_id=448233773]
shape = SubResource("BoxShape3D_o5qli")

[node name="MeshInstance3D" type="MeshInstance3D" parent="Florr" unique_id=1876577474]
transform = Transform3D(0.9999954, -0.0014032816, -0.0026933886, 0.0014149987, 0.99998945, 0.0043555363, 0.002687232, -0.0043593226, 0.99998695, -0.061145782, 0.14846611, 0.0021195412)
mesh = SubResource("BoxMesh_sgp6g")

[node name="StairsSample" type="MeshInstance3D" parent="Florr" unique_id=1877437641]
mesh = ExtResource("1_0wfyh")

[node name="Sealskater" parent="." unique_id=1529588113 instance=ExtResource("1_o5qli")]
transform = Transform3D(-0.038858686, 0, 0.9992447, 0, 1, 0, -0.9992447, 0, -0.038858686, 0, 9.539019, -5.5059776)

[node name="DirectionalLight3D" type="DirectionalLight3D" parent="." unique_id=72175676]
transform = Transform3D(0.36489025, 0.42124525, 0.83030576, -0.3436225, -0.7679052, 0.54059714, 0.86532, -0.48257032, -0.13545173, 37.260403, 25.59762, -8.981766)

[node name="Stairs_sample" parent="." unique_id=1527351871 instance=ExtResource("3_sugp2")]
transform = Transform3D(0.71637505, 0, -0.6977154, 0, 1, 0, 0.6977154, 0, 0.71637505, 6.654236, 5.087315, -33.18016)

[node name="PaintingMinigame" type="Node3D" parent="." unique_id=1464322562]
visible = false
script = ExtResource("7_tipki")

[node name="HUD" parent="." unique_id=785558833 instance=ExtResource("9_85g3d")]

[node name="Rail3" parent="." unique_id=885216935 instance=ExtResource("2_0wfyh")]
transform = Transform3D(1, 0, 0, 0, 1, 0, 0, 0, 1, -48.48747, 1.5025425, 0)
curve = SubResource("Curve3D_o6xl0")

[node name="Rail2" parent="." unique_id=1256092743 instance=ExtResource("2_0wfyh")]
transform = Transform3D(1, 0, 0, 0, 1, 0, 0, 0, 1, -24.243734, 0.75127125, 0)
curve = SubResource("Curve3D_rail2")

[connection signal="spray_can_amount_consumed_for_points" from="Sealskater" to="." method="_on_sealskater_spray_can_amount_consumed_for_points"]
[connection signal="spray_can_amount_updated" from="Sealskater" to="." method="_on_sealskater_graffiti_fuel_updated"]
[connection signal="passPointsToParentSignal" from="PaintingMinigame" to="." method="_on_node_2d_pass_points"]
